3.269283398437500000e+04
3.260610706676136397e+04
3.278915411931818380e+04
3.262044460227272793e+04
3.276672816051136397e+04
3.280416352982954413e+04
3.269888352272727207e+04
3.267898242187500000e+04
3.262498277698863603e+04
3.262934801136363603e+04
3.262058256392045587e+04
3.269899129971590810e+04
3.262829137073863603e+04
3.256981960227272793e+04
3.269210014204545587e+04
3.261362198153409190e+04
3.270741796875000000e+04
3.256532741477272793e+04
3.255467791193181984e+04
3.263423579545454413e+04
3.266781090198863603e+04
3.257845667613636397e+04
3.261973473011363603e+04
3.269187340198863603e+04
3.263671271306818016e+04
3.264073046875000000e+04
3.267031800426136397e+04
3.270205628551136397e+04
3.263814488636363603e+04
3.259364204545454413e+04
3.253030752840909190e+04
3.247717826704545587e+04
3.272092507102272793e+04
3.259942436079545587e+04
3.269513618607954413e+04
3.262140482954545587e+04
3.266379421164772793e+04
3.264682990056818016e+04
3.255591210937500000e+04
3.268022496448863603e+04
3.265997922585227207e+04
3.263434996448863603e+04
3.253047034801136397e+04
3.260593093039772793e+04
3.275161629971590810e+04
3.255883238636363603e+04
3.272012961647727207e+04
3.252021342329545587e+04
3.273832173295454413e+04
3.248976651278409190e+04
3.261548171164772793e+04
3.267665962357954413e+04
3.249570205965909190e+04
3.259168767755681984e+04
3.248994939630681984e+04
3.250884179687500000e+04
3.251308345170454413e+04
3.269731569602272793e+04
3.252972194602272793e+04
3.235844637784090810e+04
