2.613575352073502245e+02
2.964869152362869045e+02
2.579186190116032549e+02
9.948774035964186169e+01
1.682200523740923188e+02
1.870461918182489285e+02
3.253368576217613395e+02
1.973499752241560543e+02
2.265919312440926490e+02
3.001023155633815236e+02
2.568879638263923653e+02
3.230435886646098993e+02
2.748066420400410266e+02
2.788793889496453176e+02
1.911918385331443062e+02
3.012489880434260385e+02
2.521066749155417597e+02
1.426237878390596450e+02
2.613666370553114575e+02
1.490314894890389610e+02
1.250459800349398449e+02
2.004992192919609977e+02
2.006605712951024145e+02
2.136175635486493718e+02
2.239911338742954285e+02
1.988694649626821445e+02
2.670148177002444072e+02
1.308576523451800142e+02
1.969653124279206509e+02
2.001970701213221844e+02
1.982720240914835870e+02
1.948112932334603897e+02
1.770716162418269164e+02
1.281253362182561091e+02
2.112024654465389517e+02
2.932244941673426410e+02
2.723552483226475260e+02
1.121080240580926670e+02
2.076946544985019045e+02
2.707175843463792830e+02
1.644889393825438333e+02
1.651099034054774677e+02
2.786568139317642476e+02
1.963879229969928133e+02
2.677613752981136486e+02
1.942756075603969919e+02
2.112476197735393555e+02
2.603568422750655600e+02
2.293809781804732495e+02
2.687295887478081795e+02
2.139865058515412102e+02
2.260837560253443144e+02
2.346707670928523157e+02
2.621962756510599775e+02
2.470536188853932060e+02
2.795840883542588244e+02
2.026863955162648097e+02
2.025005893485020181e+02
1.119745054559231363e+02
1.652635288030757295e+02
